0 0 22.0 8.48528137423857 8.48528137423857 0
1.6653345369377348e-16 0.8660254037844386 21.345839928039485 10.107499331282693 7.286271060162092 -30
-0.1443375672974061 1.7199379676144053 18.24525490007905 22.675724921525422 6.711750104262076 -30
-0.4289750885740614 2.537850848966375 19.787053052314374 9.228078915171325 7.13772327915551 30
-0.5733126558714676 3.3917634127963416 16.52470831491581 20.48824440455235 6.020949561801076 -30
-0.9019837549325571 4.336207857240786 15.52470835929031 19.780163488598504 5.75200471268907 0
-1.1537604239821122 5.059694275742043 17.040614971396472 21.447502682663195 6.245962474173381 40
-1.2724394386711657 6.052626947916967 16.040672453340694 20.12290925880638 6.158862141121777 0
-1.3911184533602192 7.0455596200918915 15.040737578567887 18.798746412851838 6.0728401781377785 0
-1.5097974680492727 8.038492292266815 14.040811980057475 18.094174068705282 5.9879430605481 0
-1.6007108677666577 8.799122848177694 13.297572442355426 20.436372896313006 6.8119650628386 40
-1.5168575710269327 9.661079125854165 12.830325619925679 22.571638310895633 8.599902652671831 30
-1.2905177258161642 10.49700392777714 12.661299161016203 33.33789762698287 12.086321912809481 30
-0.8719446726509194 11.405187058629021 11.6612995054588 32.97751741742552 11.370615728635679 0
-0.4533716194856745 12.313370189480903 10.661299914516883 32.27401276106786 10.315491745695253 0
-0.09087672210495812 13.099879852087119 10.784753955986425 30.6638595037338 9.102576027558655 30
0.3976330106412156 13.814973021549855 11.170973568979958 29.602945231098765 8.194679899124084 30
0.9984922978428441 14.438646106574014 12.538111062593808 29.339206333125055 7.627390797586579 30
1.6948930589304037 14.95345284696954 15.946470185446032 16.086733465334948 7.413996546374223 30
2.586854808117625 15.405563716101076 14.946539861818183 17.280377720948117 7.02209795000808 0
3.4788165573048464 15.857674585232612 13.946619529711157 18.47442071565587 6.327887528016538 0
4.251278091304984 16.249214083227585 26.88998628223801 13.307334186299682 6.373932129532594 30
5.078192018390868 16.506533645623065 25.165468806309974 11.042356530303184 6.7497222484547095 30
5.936426739856166 16.622435167922742 24.071621955833727 8.97906277038262 8.104635969883251 30
6.801974507708608 16.59367648982979 23.44677859743081 10.520655475054472 6.844833959311762 -30
7.660209229173906 16.709578012129466 23.499287317821214 14.93212827798731 5.784737302677364 -30
8.391657540059143 16.93719052790265 21.706580725306726 11.055685068237194 6.846083550385022 40
9.25450124966774 17.011357453070637 20.842775180000867 9.064760847634025 7.609028213320243 30
10.117637774927422 16.9406797425627 19.98872501115778 10.502602988596273 6.377261004066395 -30
10.98048148453602 17.014846667730687 19.661989683302984 13.916784798054247 5.828314148316443 -30
11.722102398955926 17.206738585560615 18.295103289839364 10.975457609319962 6.4246216131514 40
12.58752681647736 17.238996569962715 17.555834585891944 9.038691127717755 6.590903789549952 30
13.579063912692428 17.109172894042672 16.555837408008223 8.940183851580715 5.889245406375138 0
14.338625395394308 17.009722188518843 16.77484471728319 7.908341744984526 17.15058711494956 40
15.279318791199596 16.670464270279172 15.775063242080584 7.203971114669372 16.44446865254039 0
16.220012187004883 16.3312063520395 14.775311343397144 6.914658784965944 15.308849494503898 0
17.16070558281017 15.99194843379983 13.775595460705084 6.630613758982013 14.1754775846672 0
17.9753699607498 15.69814245816925 12.143945626898837 6.976136067080844 14.612069197266019 -30
18.827607532744906 15.544223255728868 11.185639561261327 7.582351570896858 15.301817564211756 -30
19.693578311497998 15.534496470763324 10.41009263241349 9.165939617688093 17.761563004859205 -30
20.549058145148287 15.66923419457397 10.020693728199822 10.541444393799495 21.517407106062205 -30
21.370116349297827 15.944667354158524 10.001563876952805 9.118440527376576 30.30985395849274 -30
22.133785129753264 16.35309114601902 9.683228593297779 7.981741165580724 33.86830513697166 -30
22.818702069949307 16.883080565755385 10.837685226198825 7.182249655522597 33.16682122292527 -30
23.405707710492624 17.519810004347892 12.382207926877296 6.7583765227075805 25.069929758068827 -30
23.878381504491166 18.24546797093203 15.055276960030078 6.7127982022191865 15.882430056799759 -30
24.276891352093557 19.162632024612677 14.055318891125934 6.010814726201468 17.035891213370988 0
24.675401199695948 20.079796078293324 13.055367245668371 5.660259312534811 18.189400263038912 0
24.98067745397995 20.78238450504386 25.71228753091481 5.962100996659402 12.374551471438139 -40
25.128325627071114 21.534065358741962 28.488288009655474 7.321861286473317 9.62399797540396 -40
25.109290183333876 22.39988153546871 28.069046749643512 9.037745470289801 8.467768111997938 -30
24.94621828657005 23.25041522468146 19.99492129845819 11.878311430870932 7.4706201162516415 -30
24.643671613095233 24.061874102486936 26.545007145444412 9.576225590133589 8.27788982062075 30
24.480599716331408 24.912407791699685 18.27522859393229 13.28810238090915 7.178537339045576 -30
24.17805304285659 25.72386666950516 24.82222558101104 10.118767181624401 7.513564777155945 30
24.014981146092765 26.57440035871791 17.49229321054097 14.699223666902238 6.48564043157183 -30
23.66563033934654 27.511392361792517 16.492311351428675 14.901905080066653 6.188096243520183 0
23.316279532600312 28.448384364867124 15.492331834213614 16.013170731587827 5.8969119391593035 0
23.048661288393234 29.166161882069346 21.05571529004626 11.240898797573413 6.339345038678561 40
22.92700616362141 30.02359994433201 19.976533415090852 9.934656488584489 7.002852793713127 30
22.949958936636346 30.88932112936269 19.337019021153804 11.519876235402483 6.43426563423442 -30
22.828303811864522 31.74675919162535 18.254048306869734 10.200133746142168 7.135058282203321 30
22.851256584879458 32.61248037665603 17.619747522736816 11.799578682897852 5.9169231574253836 -30
22.743646309359644 33.370928870250694 16.67646339108648 9.828491894840514 7.361292148263001 40
22.81857140344158 34.368118034991674 15.676463481816253 9.775212278271491 7.411931248861595 0
22.89349649752352 35.365307199732655 14.67646358491001 9.069297380949372 7.462980029764222 0
22.968421591605455 36.362496364473635 13.676463703079852 9.012465930807913 7.514430141567906 0
23.033308626461352 37.22608751351791 12.815637593573816 11.20340702708708 6.290994451184621 -30
